,initial_rewards,final_rewards,n_total_steps,n_random_steps
0,-162.96337012795425,-1270.25915865643,50,50
1,-98.74079102181143,-23.792128966368146,2,2
2,-122.36751325200416,-32.58865995680654,3,3
3,-314.33143564938996,-710.9538598535034,50,50
4,-177.20421580511103,-81.37054154787276,16,16
5,-145.36739965666916,-266.4362358487753,50,50
6,-341.3489836244349,-44.31160243489089,3,3
7,-125.32324093869182,-709.1540672860588,50,50
8,-119.4514294658096,-54.78013215282227,1,1
9,-199.4305772759178,-82.39139837861498,3,3
10,-169.22318918772163,-88.38666762059624,11,11
11,-235.51802270114473,-22.0165076240757,4,4
12,-188.60023738701335,-1651.098283715598,18,18
13,-144.70284288584133,-52.22104783635855,10,10
14,-184.01236929216927,-41.73149781777869,9,9
15,-242.80965541998594,-1454.7365490858404,26,26
16,-158.64767458992154,-29.95757380041368,1,1
17,-131.4388511729411,-18.832873319989368,1,1
18,-176.28765102479935,-65.72270999528476,24,24
19,-369.0129600707038,-34.3738075730203,2,2
20,-250.40076919803488,-1497.7879089914138,15,15
21,-228.67091074734762,-49.84154882517035,9,9
22,-166.50711321054433,-74.90854201286928,6,6
23,-235.15034160110986,-86.90805506700877,27,27
24,-102.51707624315567,-125.47012056415228,50,9
25,-145.15302422798513,-88.91390095476659,3,0
26,-147.9969430415125,-89.34218184289757,1,0
27,-352.9954128096518,-14.605813843635044,2,0
28,-103.01276225038872,-12.260523718419426,1,0
29,-124.60886219526559,-20.998793442824322,1,0
30,-107.57572952126299,-19.742473338449166,1,0
31,-280.9589979083474,-91.40475475404119,1,0
32,-269.1391010490994,-88.9417139369099,1,0
33,-211.51144232556194,-67.65595303894861,1,0
34,-320.0800040001815,-27.51227895600481,2,0
35,-334.5062369550369,-24.515869686880794,2,0
36,-316.7396963769464,-91.69258705968083,1,0
37,-315.691334755979,-87.333827592301,1,0
38,-229.03442039778147,-69.33828735644933,1,0
39,-99.85776501221046,-22.279864584078457,1,0
40,-117.59123427340657,-44.360997432820426,1,0
41,-174.37356389268996,-12.47727032204908,1,0
42,-198.4854127582645,-22.3983676267404,1,0
43,-453.59561582761097,-77.24096583572815,2,0
44,-166.09197544877256,-13.268690608658481,1,0
45,-204.70514588658102,-78.84872758634472,1,0
