,initial_rewards,final_rewards,n_total_steps,n_random_steps
0,-121.6169771699466,-87.02519692866757,5,5
1,-243.57238677953802,-309.42083546420025,16,16
2,-117.3323515052831,-783.6742309095961,16,16
3,-197.3472344954674,-477.51060696970904,16,16
4,-105.94433587541566,-72.07774542624112,1,1
5,-177.10518483623252,-61.19406062709421,1,1
6,-195.13786899609045,-73.89115663315398,2,2
7,-192.29095671276318,-46.500705091573266,1,1
8,-158.3754569091381,-65.95266007304109,12,12
9,-145.08828173626276,-59.86493142482079,1,1
10,-169.56538013328907,-76.28483993025904,1,1
11,-287.35479308418684,-1468.13826564008,12,12
12,-133.18486266171558,-131.59473744245528,16,16
13,-244.93692027000154,-416.75213986728664,16,16
14,-231.92735850047887,-89.12151564070865,3,3
15,-166.92263837316438,-1418.818824971188,9,9
16,-218.1795641194362,-65.59468067189712,1,1
17,-160.84696445336596,-513.7552108967138,16,16
18,-242.41937372375216,-36.98413233873155,1,1
19,-208.14962706965642,-1262.6769173642913,16,16
20,-391.47771437429674,-65.39646484301105,10,10
21,-103.75113568937518,-801.1596787930406,16,16
22,-140.4638944994334,-90.4138423451084,6,6
23,-174.0762467435324,-31.55212433493279,6,6
24,-380.57430731652886,-91.26120652876321,11,11
25,-187.85244510522622,-39.219650625040295,11,11
26,-336.32216752375206,-693.3248811648751,16,16
27,-136.2295815171083,-78.17761327975721,6,6
28,-116.4620894448616,-33.999270309241716,6,6
29,-304.3479253687175,-1079.6227551535953,16,16
30,-103.74367721903573,-42.2208866616509,3,3
31,-179.48473549212605,-1128.8806884292399,16,16
32,-261.8612254085597,-600.3439191185759,16,15
33,-179.7852227311922,-1433.9786955494455,13,0
34,-172.39265623046163,-1449.6939751671352,13,0
