,initial_rewards,final_rewards,n_total_steps,n_random_steps
0,-122.95111823980635,-36.93816787137958,3,3
1,-339.83978308926424,-90.16422813294834,17,17
2,-121.94044148587467,-52.252831365890366,1,1
3,-127.53242005357254,-50.13266819561432,31,31
4,-100.88830446120289,-81.78775864039442,7,7
5,-284.3623407160233,-62.2465557809217,1,1
6,-285.6545306973284,-1684.7720468219973,38,38
7,-178.48050360295994,-58.21463555215753,7,7
8,-115.95022901042645,-70.48119853117447,4,4
9,-186.3769811107237,-62.258971200464636,11,11
10,-98.46153387676222,-1519.7320535043577,31,31
11,-137.32666966385335,-52.23528004379959,7,7
12,-202.403819599191,-48.886898201564506,1,1
13,-180.3586460579131,-54.98262924470671,1,1
14,-284.7346665136599,-1542.6718634575134,20,20
15,-152.58963583613266,-89.53250787994384,10,10
16,-118.37728037900575,-74.83902493944447,1,1
17,-355.03657133155644,-253.9851488034705,50,9
18,-231.5019778910693,-87.25069598635777,1,0
19,-127.20002823114646,-42.68958939432415,1,0
20,-95.41120688111322,-29.45811914438376,1,0
21,-208.41125349696696,-48.1080659017774,1,0
22,-135.8995013476917,-18.800295882144407,1,0
23,-224.297671695035,-63.593987342212436,1,0
24,-195.31001600676996,-78.56775903596434,1,0
25,-118.5742412175576,-31.5638111115353,1,0
26,-305.28120665439627,-41.68688995781019,2,0
27,-119.32582922340235,-34.36016294245551,2,0
28,-95.42292779804862,-75.92331486523865,1,0
29,-216.91810732382754,-49.709686012950804,1,0
30,-194.1198179422097,-48.836818528335016,1,0
31,-155.80970555986556,-16.3602546907128,1,0
32,-140.30242043581535,-93.11893018526897,1,0
33,-172.79990419046592,-88.57673326667533,1,0
34,-207.9785402399419,-89.51097648720815,1,0
35,-127.53993052273461,-73.0232743515705,1,0
36,-176.35930307111553,-59.21278113100169,1,0
37,-177.6821709261715,-90.67549671603325,1,0
