,initial_rewards,final_rewards,n_total_steps,n_random_steps
0,-257.3608304875655,-2827.878713494958,32,32
1,-167.35096221692217,-147.65735340910265,22,22
2,-507.03787734821583,-124.38066080494077,28,28
3,-260.2820849881168,-75.96876664082383,3,3
4,-282.5708240598321,-85.31125565822731,24,24
5,-188.93946750850247,-2667.683843251939,31,31
6,-588.4595152949557,-79.50069381391639,8,8
7,-181.87299940551995,-99.0261249378789,2,2
8,-357.9551805527867,-152.02411758245336,25,0
9,-178.55581955071636,-43.012502725896276,1,0
10,-512.1934117474999,-90.49148182761027,1,0
11,-204.2680229502663,-137.3319338190577,1,0
12,-210.37007531903515,-93.79597497867138,1,0
13,-179.6677439936666,-118.11712866303803,1,0
14,-363.1126080490855,-67.13498953974269,1,0
15,-216.65291041509985,-48.425681850743246,1,0
16,-306.0009888528902,-89.72628931151831,1,0
17,-531.4288799713148,-52.239797977451694,1,0
18,-787.5830846833973,-100.02713907059746,2,0
19,-250.10944321800187,-47.50540382786258,1,0
20,-204.82013074103978,-82.16335131089394,1,0
21,-630.8000969211878,-12.352375336570063,1,0
22,-298.51615085560064,-41.20286377401147,1,0
23,-405.3608885503254,-50.1892796105392,1,0
24,-259.00166751727244,-158.03984288110925,1,0
25,-500.121295298435,-68.60012083927141,1,0
26,-184.77365032680194,-109.78064325257316,1,0
27,-257.5517464899339,-45.72546891631532,1,0
28,-267.0944367064917,-17.086106889916927,1,0
