,initial_rewards,final_rewards,n_total_steps,n_random_steps
0,-169.5180968594107,-40.322599853895206,12,12
1,-269.1405304397089,-82.6610978962367,27,27
2,-188.51556525176866,-81.67384268276567,2,2
3,-260.96303463506763,-39.55752481145297,2,2
4,-98.8969975205079,-22.076859431745863,1,1
5,-223.37158481463777,-1447.950120969222,9,9
6,-236.76837509747628,-658.9565160770064,50,50
7,-162.88599439574537,-72.2620784751124,1,1
8,-203.52454939291755,-92.64313703480713,4,4
9,-392.07767555301564,-1555.9063378903359,22,22
10,-150.10566398657454,-67.80721586923782,1,1
11,-221.54772467616468,-30.687553380345484,1,1
12,-95.40743777041774,-37.72901180978047,1,1
13,-123.41610867011207,-1658.314489662617,26,26
14,-228.44405745992313,-80.2343766009101,25,25
15,-241.6909141218392,-608.2794788468285,50,50
16,-238.10923460793373,-47.30532825781482,1,1
17,-132.2086965743905,-81.73073325025258,1,1
18,-141.85875682184096,-60.05299524426422,1,1
19,-129.10869096159354,-89.8007371720181,32,13
20,-327.0747171783164,-43.71621897697569,3,0
21,-277.5239695955231,-59.013161129687084,3,0
22,-107.12984186743265,-49.62818008925892,1,0
23,-240.35715664244137,-72.04756261066862,1,0
24,-374.94896127921396,-14.85869967008194,2,0
25,-123.43175838251456,-75.88601863083233,1,0
26,-192.76825871420297,-38.194904320877036,2,0
27,-242.31756501161138,-13.800483999819917,2,0
28,-97.77887666461663,-30.02346217939802,1,0
29,-415.0283488420435,-31.318759909325802,2,0
30,-236.52849698960904,-89.03916874163684,1,0
31,-123.29267941587781,-28.784981693138892,1,0
32,-116.17638220181351,-17.785746961246282,1,0
33,-148.3762012028631,-70.50576152845262,1,0
34,-118.74221824595651,-48.72155600248996,1,0
35,-324.8288967178336,-14.532079714780167,2,0
36,-246.00710067315794,-90.0742035248601,1,0
37,-368.9378340324403,-36.11065587074928,2,0
38,-192.69426890157592,-20.459128685152002,2,0
39,-130.62903954243689,-47.431540642474104,1,0
40,-94.6059523093656,-47.15805956684891,1,0
41,-272.1347451886936,-92.89657346175116,1,0
