,initial_rewards,final_rewards,n_total_steps,n_random_steps
0,-283.2298884166356,-80.78040486910385,1,1
1,-100.9732085250072,-84.64729323488162,6,6
2,-121.55687889884908,-28.547547784605886,1,1
3,-151.25410706839784,-1466.7269747379953,23,23
4,-207.3522153829132,-32.247477564721976,1,1
5,-280.3051796817854,-55.28243218798246,4,4
6,-140.78229508836495,-43.83529181896336,1,1
7,-163.5722718397359,-33.47012576838746,1,1
8,-130.45993225853107,-1601.838613874085,34,34
9,-304.80396841577215,-69.80844153451257,10,10
10,-167.82975152211827,-86.4265176221131,10,10
11,-272.97123487331874,-33.448508767059195,1,1
12,-115.75260397693565,-1447.305255534027,9,9
13,-113.47461259535883,-66.47334523146985,13,13
14,-258.47989120061743,-1435.6551239749087,8,8
15,-270.7227616938947,-1525.8094757473013,18,18
16,-440.6956654348304,-92.39263321726824,5,5
17,-148.35645582814902,-30.239603724474282,2,2
18,-215.63321786469487,-82.86301130887298,5,5
19,-180.49565791956965,-53.45392227591549,2,2
20,-244.50116880261777,-114.78804604352545,50,50
21,-183.6305485883472,-52.76358463064734,1,1
22,-157.38436082135377,-1484.799186307434,32,32
23,-114.53267872666072,-58.09227068431857,8,8
24,-241.93726595248305,-1444.5297533578025,22,4
25,-101.47696204764499,-56.41761563615043,1,0
26,-137.72241450391746,-85.23813664495707,1,0
27,-121.19434745475357,-67.0679350231919,1,0
28,-251.93079146036507,-48.43177169479767,1,0
29,-125.687306102927,-10.414098863742192,1,0
30,-266.5428808919764,-33.521539208235254,1,0
31,-174.85658582348285,-18.984911075906595,1,0
32,-309.31959562816525,-83.55533543363858,1,0
33,-138.9975601803994,-18.329345960511557,1,0
34,-247.87579817685707,-50.69706302838249,2,0
35,-309.9126226936502,-82.24427591124935,2,0
36,-286.4696142319007,-62.97872728385227,1,0
37,-166.5452435962009,-58.77147130251594,2,0
38,-110.78087769497293,-40.34946630825219,2,0
39,-172.3840389153231,-73.77116397305961,2,0
40,-258.85417811619436,-64.34383303034866,1,0
41,-106.39810185624245,-24.88565150870635,1,0
42,-206.12895353028745,-77.57113902651837,1,0
43,-200.51097216256048,-53.22184193841368,1,0
44,-101.57670409500287,-14.04489533085886,1,0
